victory
200 200
00100010010111101101010001010101100110101001001010010100100100101100100111010010110101111110010010010010001001011110110101000101010110011010100100101001010010010010110010011101001011010111111001001001
0                                                                                                                                                                                                      0
0                                                                                                                                                                                                      0
1                                                                                                                                                                                                      1
0                                                                                                                                                                                                      0
1                                                                                                                                                                                                      1
0                                                                                                                                                                                                      0
0                                                                                                                                                                                                      0
1                                                                                                                                                                                                      0
0                                                                                                                                                                                                      1
1                                                                                                                                                                                                      0
0                                                                                                                                                                                                      1
0                                                                                                                                                                                                      0
1                                                                                                                                                                                                      1
0                                                                                                                                                                                                      0
0                                                                                                                                                                                                      0
1                                                                                                                                                                                                      0
1                                                                                                                                                                                                      1
0                                                                                                                                                                                                      1
0                                                                                                                                                                                                      1
1                                                                                                                                                                                                      1
0                                                                                                                                                                                                      0
1                                                                                                                                                                                                      1
0                                                                                                                                                                                                      0
0                                                                                                                                                                                                      1
1                                                                                                                                                                                                      0
0                                                                                                                                                                                                      1
0                                                                                                                                                                                                      0
1                                                                                                                                                                                                      0
1                                                                                                                                                                                                      0
0                                                                                                                                                                                                      1
1                                                                                                                                                                                                      1
1                                                                                                                                                                                                      1
0                                                                                                                                                                                                      1
1                                                                                                                                                                                                      0
0                                                                                                                                                                                                      1
1                                                                                                                                                                                                      0
0                                                                                                                                                                                                      1
0                                                                                                                                                                                                      0
0                                                                                                                                                                                                      1
0                                                                                                                                                                                                      0
1                                                                                                                                                                                                      0
0                                                                                                                                                                                                      0
1                                                                                                                                                                                                      1
0                                                                                                                                                                                                      0
0                                                                                                                                                                                                      1
1                                                                                                                                                                                                      0
1                                                                                                                                                                                                      1
1                                                                                                                                                                                                      1
1                                                                                                                                                                                                      1
1                                                                                                                                                                                                      0
0                                                                                                                                                                                                      0
0                                                                                                                                                                                                      1
1                                                                                                                                                                                                      1
0                                                                                                                                                                                                      1
1                                                                                                                                                                                                      1
0                                                                                                                                                                                                      1
0                                                                                                                                                                                                      1
0                                                                                                                                                                                                      0
1                                                                                                                                                                                                      0
0                                                                                                                                                                                                      0
0                                                                                                                                                                                                      0
1                                                                                                                                                                                                      0
1                                                                                                                                                                                                      0
1                                                                                                                                                                                                      0
0                                                                                                                                                                                                      0
1                                                                                                                                                                                                      0
0                                                                                                                                                                                                      0
0                                                                                                                                                                                                      0
1                                                                                                                                                                                                      0
0                                                                                                                                                                                                      0
0                                                                                                                                                                                                      1
1                                                                                                                                                                                                      0
0                                                                                                                                                                                                      1
1                                                                                                                                                                                                      0
0                                                                                                                                                                                                      0
1                                                                                                                                                                                                      0
0                                                                                                                                                                                                      0
1                                                                                                                                                                                                      1
0                                                                                                                                                                                                      0
0                                                                                                                                                                                                      1
1                                                                                                                                                                                                      0
0                                                                                                                                                                                                      1
0                                                                                                                                                                                                      1
0                                                                                                                                                                                                      1
0                                                                                                                                                                                                      0
0                                                                                                                                                                                                      0
1                                                                                                                                                                                                      0
0                                                                                                                                                                                                      1
0                                                                                                                                                                                                      0
1                                                                                                                                                                                                      0
1                                                                                                                                                                                                      1
1                                                                                                                                                                                                      1
0                                                                                                                                                                                                      1
1                                                                                                                                                                                                      1
0                                                                                                                                                                                                      0
1                                                                                                                                                                                                      1
0                                                                                                                                                                                                      0
1                                                                                                                                                                                                      0
0                                                                                                                                                                                                      0
0                                                                                                                                                                                                      0
1                                                                                                                                                                                                      1
0                                                                                                                                                                                                      0
1                                                                                                                                                                                                      1
0                                                                                                                                                                                                      0
1                                                                                                                                                                                                      0
0                                                                                                                                                                                                      1
1                                                                                                                                                                                                      0
0                                                                                                                                                                                                      1
0                                                                                                                                                                                                      0
1                                                                                                                                                                                                      0
0                                                                                                                                                                                                      0
1                                                                                                                                                                                                      1
0                                                                                                                                                                                                      0
1                                                                                                                                                                                                      1
0                                                                                                                                                                                                      0
0                                                                                                                                                                                                      0
0                                                                                                                                                                                                      1
1                                                                                                                                                                                                      1
0                                                                                                                                                                                                      0
1                                                                                                                                                                                                      1
0                                                                                                                                                                                                      0
0                                                                                                                                                                                                      1
1                                                                                                                                                                                                      0
1                                                                                                                                                                                                      1
0                                                                                                                                                                                                      0
1                                                                                                                                                                                                      0
0                                                                                                                                                                                                      1
1                                                                                                                                                                                                      0
0                                                                                                                                                                                                      0
0                                                                                                                                                                                                      1
1                                                                                                                                                                                                      0
1                                                                           0                                                                                                                          1
0                                                                           0                                                                                                                          0
0                                                                           1                                                                                                                          0
1                                                                           0                                                                                                                          0
0                                                                           1                                         Password = BegoneVirus                                                           0
1                                                                           0                                                                                                                          1
0                                                                                                                                                                                                      1
0                                                                                                                              E                                                                       1
1                                                                                                                         101010010010                                                                 0
0                           100101011001010100101010101101010100100100001001001001000                                                                                                                  0
0                           0                                                       0                                                                                                                  1
1                           1                                                       0                                                                                                                  1
0                           1                                                       1                                                                                                                  0
0                           0                                                       1                                                                                                                  0
1                           1                                                       0                                                                                                                  1
0                           0                                                       1                                                                                                                  1
1                  1011001010                                                       0                                                                                                                  1
0                                                                                   0                                                                                                                  0
1                                                   1001010                         1                                                                                                                  1
0                                                      0                            1                                                                                                                  0
0                                                      1                            1                                                                                                                  1
0                                                      1                            0                                                                                                                  1
1                                                      0                            1                                                                                                                  1
0                                                      1                            0                                                                                                                  1
1                                                      0                            1                                                                                                                  0
0                                                      1                            1                                                                                                                  0
0                                                      1                            0                                                                                                                  1
1100010001010010010010010010001000100                  1                            1                                                                                                                  0
1                                                      0                            1                                                                                                                  1
0                                                      1                            1                                                                                                                  0
0                                                      0                            1                                                                                                                  0
1                                                      1                            0                                                                                                                  0
0                                                      1                            1                                                                                                                  1
0                                                      0                                                                                                                                               1
1                                                      0                                                                                                                                               1
0                                                      0                                                                                                                                               0
1                                                                                                                                                                                                      1
0                                                                                                               011010                                                                                 0
1                                                                                   010010                      1    1                                                                                 0
0                                                                                                               1    0                                                                                 0
0                                                                                                               0    1                                                                                 1
1                                                                                                               011001                                                                                 0
0                                                                                                                                                                                                      1
0                                                                                                                                                                                                      0
1                                                                                                                                                                                                      0
0                                                                                                                                                                                                      0
0                                                                                                                                                                                                      1
1                                                                                                                                                                                                      1
0                                                                                   100101                                                                                                             0
0                                                                                                                                                                                                      1
1                                                                                                                                                                                                      0
0                                                                                                                                                                                                      1
1                                                                                                                                                                                                      1
0                                                                                                                                                                                                      1
0                                                   000101001                                                                                                                                          0
1                                                                                                                                                                                                      1
0               S                                                                                                                                                                                      0
0      1001001001010101010                                                                                                                                                                             1
1                                                                                                                                                                                                      0
0                                                                                                                                                                                                      1
0                                                                                                                                                                                                      1
1                                                                                                                                                                                                      0
0                                                                                                                                                                                                      0
1                                                                                                                                                                                                      0
0                                                                                                                                                                                                      0
0                                                                                                                                                                                                      1
1######################################################################################################################################################################################################0
00100010010111101101010001010101100110101001001010010100100100101100100111010010110101111110010010010010001001011110110101000101010110011010100100101001010010010010110010011101001011010111111001001001
